xvalue,counts
0,161168
1,286895
2,114542
3,58863
4,36633
5,27869
6,23752
7,19255
8,15987
9,14154
10,11523
11,10037
12,8739
13,7552
14,6768
15,6207
16,5726
17,5230
18,4858
19,4230
20,3744
21,2859
22,2234
23,2001
24,1885
25,1604
26,1630
27,1446
28,1293
29,1231
30,1137
31,1077
32,932
33,845
34,866
35,869
36,906
37,782
38,711
39,643
40,572
41,614
42,554
43,560
44,545
45,489
46,467
47,391
48,346
49,369
50,400
51,324
52,344
53,404
54,295
55,294
56,253
57,261
58,264
59,224
60,224
61,210
62,189
63,217
64,218
65,193
66,236
67,137
68,162
69,141
70,163
71,176
72,143
73,128
74,153
75,136
76,150
77,120
78,147
79,97
80,93
81,114
82,132
83,74
84,96
85,109
86,70
87,102
88,84
89,75
90,137
91,115
92,85
93,83
94,108
95,84
96,62
97,72
98,75
99,90
100,69
101,61
102,52
103,75
104,43
105,70
106,84
107,64
108,70
109,60
110,36
111,50
112,32
113,50
114,50
115,32
116,44
117,25
118,30
119,30
120,34
121,31
122,61
123,47
124,31
125,36
126,32
127,58
128,25
129,20
130,31
131,22
132,34
133,36
134,30
135,35
136,33
137,42
138,18
139,33
140,35
141,26
142,32
143,18
144,16
145,23
146,12
147,24
148,23
149,27
150,24
151,17
152,12
153,14
154,19
155,18
156,19
157,24
158,13
159,17
160,24
161,14
162,12
163,10
164,9
165,10
166,16
167,16
168,13
169,7
170,10
171,13
172,10
173,11
174,10
175,11
176,14
177,7
178,8
179,12
180,14
181,9
182,25
183,10
184,12
185,12
186,16
187,10
188,3
189,14
190,6
191,17
192,11
193,23
194,8
195,10
196,6
197,10
198,12
199,7
200,13
201,10
202,11
203,13
204,3
205,10
206,29
207,16
208,16
209,6
210,8
211,15
212,11
213,10
214,7
215,6
216,1
217,12
218,6
219,8
220,14
221,7
222,6
223,3
224,3
225,9
226,10
227,7
228,7
229,6
230,4
232,5
233,4
234,6
235,6
236,3
237,5
238,4
239,2
240,4
241,9
242,10
243,5
244,5
245,4
246,4
247,4
248,6
249,2
250,5
251,7
252,3
253,3
254,4
255,4
256,5
257,6
258,8
259,5
260,7
261,7
262,4
263,4
264,6
265,5
266,5
267,1
268,3
269,2
270,8
271,5
272,7
273,4
274,7
275,4
276,3
277,5
278,4
279,5
280,3
281,5
282,5
283,4
284,4
285,1
286,6
287,3
288,7
289,1
290,5
291,2
292,12
293,3
294,3
295,1
296,3
297,2
298,3
299,6
300,2
301,7
302,5
303,2
304,4
305,8
307,3
309,3
310,2
311,1
313,3
314,5
315,2
316,1
317,3
318,3
320,6
321,1
322,4
323,4
325,2
327,3
328,2
329,3
330,4
332,2
333,3
334,4
335,1
339,3
340,6
341,5
342,2
343,1
344,2
345,1
346,1
347,1
349,1
350,1
351,1
352,4
355,1
356,2
358,2
359,1
360,4
361,1
362,4
363,9
364,2
365,4
366,3
367,2
368,4
370,3
371,2
372,2
373,1
374,2
375,1
376,2
377,5
379,2
380,1
381,2
383,2
384,2
385,2
386,1
387,1
389,1
390,7
391,3
392,1
393,1
395,1
396,2
397,2
398,1
399,1
400,1
401,1
402,1
403,3
404,2
405,7
406,2
407,5
408,2
409,1
410,1
411,2
412,1
413,1
414,1
415,4
416,5
417,2
418,4
419,2
420,1
421,1
424,3
425,1
429,4
430,1
431,2
432,1
434,2
440,1
443,1
444,1
445,1
449,1
451,1
453,4
454,2
455,4
456,1
457,4
459,1
460,2
463,1
464,2
465,9
466,2
467,4
470,1
473,1
475,1
476,5
478,2
479,1
480,4
481,1
483,1
484,1
489,1
493,2
494,2
495,3
497,1
501,3
502,1
503,2
504,1
505,2
506,1
509,2
514,1
515,1
516,1
517,3
523,1
525,1
526,1
529,1
530,2
534,1
535,2
536,1
540,1
541,1
543,1
546,1
551,1
552,1
553,2
555,1
557,1
560,1
562,1
563,1
565,1
571,2
573,2
574,3
575,1
577,1
578,1
579,1
581,2
582,2
585,1
588,1
591,3
594,2
595,2
596,1
597,1
598,1
599,1
600,2
601,2
608,2
609,1
610,1
611,1
612,1
616,1
618,4
619,1
622,1
626,2
627,1
638,2
642,1
643,1
653,1
656,2
657,2
660,1
661,1
662,1
663,1
667,1
673,1
676,1
679,1
687,1
688,1
690,1
695,1
696,1
698,1
700,3
703,1
704,2
711,1
716,2
726,2
727,1
731,1
732,1
735,1
744,1
749,1
758,1
764,1
766,2
767,2
770,1
771,6
772,2
775,1
777,1
784,1
786,1
795,1
800,1
802,1
816,1
818,1
821,1
828,1
853,1
854,1
855,2
865,1
866,1
881,1
890,1
906,1
911,1
912,1
924,1
937,1
939,1
941,1
942,1
947,1
949,1
957,1
970,1
985,1
999,3
1043,1
1072,1
1083,1
1085,1
1086,1
1090,1
1116,2
1117,2
1125,1
1136,1
1144,1
1157,1
1158,1
1168,1
1171,1
1174,1
1197,1
1225,1
1258,1
1273,1
1279,1
1291,1
1316,1
1326,1
1327,1
1336,1
1344,1
1367,1
1374,1
1433,1
1537,1
1558,1
1569,1
1577,1
1588,1
1667,1
1699,1
1748,1
1770,1
1777,1
1792,1
1833,1
1852,1
1856,1
1857,1
1889,1
1955,1
1964,1
1966,1
1973,1
2026,1
2042,1
2097,1
2118,1
2128,1
2137,1
2152,1
2176,1
2236,1
2243,1
2329,1
2336,1
2409,1
2418,1
2427,1
2496,1
2565,1
2569,1
2588,1
2626,1
2646,1
2661,1
2685,1
2710,1
2730,1
2736,1
2746,1
2747,1
2767,1
2769,1
2810,1
2860,1
2862,1
2877,1
2968,2
3022,1
3034,1
3048,1
3112,1
3116,1
3118,2
3154,1
3181,1
3247,1
3249,1
3296,1
3317,1
3341,1
3370,1
3382,2
3416,1
3529,1
3551,1
3728,1
3810,1
3872,1
3908,1
3913,1
3940,1
3956,1
3988,1
4010,1
4015,1
4084,1
4180,1
4187,1
4206,1
4219,1
4220,1
4484,1
4550,1
4620,1
4731,1
4847,1
5097,1
5182,1
5271,1
5354,1
6326,1
