xvalue,counts
0,68136
1,183981
2,129085
3,76580
4,50134
5,33042
6,21885
7,17428
8,9478
9,7116
10,7338
11,7324
12,5323
13,4657
14,4902
15,10140
16,2452
17,2078
18,1865
19,1666
20,1490
21,1566
22,2366
23,4041
24,2511
25,1248
26,1195
27,791
28,554
29,603
30,619
31,584
32,506
33,496
34,435
35,375
36,291
37,305
38,355
39,370
40,376
41,298
42,413
43,256
44,218
45,327
46,368
47,192
48,328
49,240
50,196
51,338
52,228
53,226
54,325
55,260
56,186
57,236
58,150
59,152
60,184
61,195
62,263
63,475
64,362
65,280
66,246
67,186
68,298
69,343
70,170
71,254
72,382
73,293
74,218
75,248
76,285
77,286
78,156
79,86
80,71
81,572
82,302
83,58
84,89
85,51
86,83
87,65
88,106
89,86
90,63
91,70
92,54
93,70
94,75
95,43
96,66
97,64
98,62
99,69
100,55
101,168
102,60
103,358
104,131
105,68
106,61
107,31
108,61
109,37
110,66
111,72
112,82
113,274
114,28
115,82
116,139
117,80
118,40
119,47
120,41
121,41
122,19
123,34
124,36
125,47
126,30
127,38
128,22
129,17
130,18
131,14
132,22
133,30
134,24
135,43
136,21
137,27
138,16
139,16
140,26
141,29
142,30
143,17
144,69
145,39
146,22
147,27
148,28
149,22
150,15
151,24
152,21
153,33
154,13
155,29
156,21
157,17
158,14
159,131
160,53
161,15
162,333
163,7
164,8
165,4
166,19
167,10
168,4
169,9
170,6
171,7
172,6
173,6
174,10
175,4
176,9
177,12
178,11
179,13
180,26
181,24
182,22
183,19
184,18
185,16
186,10
187,3
188,5
189,84
190,13
191,12
192,54
193,83
194,29
195,62
196,37
197,24
198,27
199,10
200,6
201,69
202,30
203,28
204,15
205,12
206,5
207,4
208,8
209,3
210,3
211,1
212,5
213,6
214,8
215,9
216,7
217,9
218,6
219,3
220,4
221,6
222,11
223,5
224,59
225,10
226,7
227,6
228,7
229,7
230,21
231,7
232,4
233,5
234,68
235,16
236,11
237,20
238,7
239,4
240,9
241,3
242,9
243,8
244,6
245,25
246,6
247,2
248,7
249,8
250,3
251,12
252,6
253,10
254,10
255,8
256,2
257,5
258,18
259,6
260,3
261,4
262,2
263,2
265,14
266,10
267,8
268,2
270,9
271,3
272,11
273,10
274,6
275,5
276,8
277,5
278,9
279,4
280,7
282,3
283,26
284,11
285,5
286,4
287,6
288,3
289,3
290,2
292,1
293,3
294,10
295,3
296,9
297,3
298,2
299,1
300,2
301,1
302,4
303,7
304,19
305,3
306,3
307,46
308,11
309,3
310,3
311,3
312,5
313,4
314,3
315,3
316,5
317,2
318,3
319,4
320,2
321,2
322,3
323,3
324,4
325,5
326,9
327,39
328,4
329,7
331,1
332,3
333,3
334,1
335,2
336,3
337,1
338,1
339,3
340,13
341,2
342,2
343,6
344,3
345,3
346,10
347,3
349,1
350,15
351,2
352,1
353,7
355,5
356,4
357,55
358,3
359,2
360,2
361,6
362,18
363,3
364,5
365,1
366,1
368,2
369,1
370,6
371,4
372,5
373,3
374,4
375,2
376,3
377,9
378,5
379,6
380,3
381,5
382,4
383,36
384,18
385,2
386,2
387,8
388,7
389,10
390,8
391,2
392,7
393,23
394,1
395,8
396,3
397,1
398,2
399,1
401,3
402,2
403,1
404,1
406,2
407,1
408,2
409,2
410,2
412,4
413,1
414,1
415,12
416,1
418,1
420,1
423,4
425,3
427,10
428,1
429,1
433,1
434,7
435,11
436,1
437,3
438,21
439,2
440,1
441,4
443,3
444,2
445,2
447,1
448,1
449,1
450,6
451,4
454,3
455,1
457,8
458,1
459,2
460,3
461,2
463,1
464,4
465,4
466,25
467,2
468,5
469,2
470,8
471,3
472,7
473,13
474,37
475,1
476,4
477,18
479,4
480,2
481,5
483,4
484,2
485,42
487,7
488,3
489,2
493,16
495,2
496,1
498,2
500,3
501,3
502,1
503,2
504,1
505,2
506,1
507,1
508,1
514,1
515,23
516,1
517,8
518,2
519,1
520,1
521,2
522,1
523,2
524,25
525,2
526,3
527,1
528,1
529,1
531,1
538,2
540,1
541,1
542,1
543,7
544,1
548,12
553,1
557,1
559,58
560,2
561,3
563,2
564,6
565,3
567,14
570,1
574,1
575,1
576,2
577,1
578,1
579,5
580,17
581,4
585,1
586,3
587,2
588,12
589,2
591,1
592,1
594,1
598,1
599,1
603,2
612,4
613,1
617,1
622,2
625,1
626,2
627,2
628,1
630,1
636,82
637,1
638,2
639,1
640,2
642,3
645,1
650,5
653,1
661,2
662,1
664,2
665,2
667,1
669,1
670,1
671,2
672,1
673,1
676,1
678,1
679,3
681,1
682,1
688,3
691,1
692,4
693,1
694,3
695,15
696,1
699,3
701,1
702,2
705,1
706,1
707,1
710,1
711,3
712,3
713,2
714,5
720,1
729,1
736,4
737,1
739,2
740,1
743,1
744,2
745,2
746,3
749,1
751,1
752,3
753,2
754,1
755,2
756,1
758,1
759,1
761,3
763,1
764,3
768,1
770,1
771,1
772,1
776,1
777,1
782,1
784,2
787,1
791,1
792,1
794,1
803,1
808,1
812,1
816,1
819,1
824,1
827,1
830,1
831,1
834,1
837,1
838,1
840,1
849,1
853,2
862,1
863,1
864,1
865,2
866,2
868,1
871,1
874,2
877,1
884,2
885,2
886,1
889,1
894,1
895,1
899,1
906,1
908,1
909,13
910,1
914,1
924,5
925,1
930,1
938,7
954,5
959,2
963,1
965,1
967,1
968,1
969,1
970,1
990,1
991,1
997,1
998,2
999,3
1002,1
1006,1
1007,1
1008,1
1009,1
1010,1
1011,2
1029,1
1036,2
1040,1
1045,1
1046,1
1050,1
1051,1
1053,1
1055,1
1056,1
1067,1
1070,1
1076,1
1079,2
1088,1
1097,1
1099,2
1100,1
1101,1
1107,1
1109,1
1127,2
1134,1
1136,1
1137,2
1147,1
1154,1
1158,1
1159,2
1167,1
1193,2
1203,2
1208,1
1211,1
1222,2
1227,1
1231,1
1235,1
1241,2
1242,1
1245,6
1246,1
1247,1
1248,2
1254,1
1263,1
1268,1
1271,1
1273,1
1280,1
1291,2
1308,1
1310,1
1327,1
1331,2
1333,1
1355,1
1357,2
1360,1
1373,1
1388,1
1397,1
1398,1
1403,1
1404,1
1411,3
1414,1
1418,1
1419,1
1425,5
1427,1
1433,3
1435,1
1437,1
1443,1
1453,1
1483,1
1484,1
1485,1
1486,1
1497,1
1524,1
1534,1
1557,1
1570,1
1575,1
1580,1
1583,1
1616,1
1622,1
1630,1
1662,1
1703,1
1706,4
1707,1
1722,1
1745,1
1750,1
1802,1
1804,1
1807,2
1815,1
1829,1
1852,2
1853,1
1861,1
1862,2
1863,3
1864,1
1883,1
1884,1
1886,1
1889,1
1904,1
1941,1
1947,1
1956,1
1959,1
2013,1
2065,48
2066,2
2076,96
2077,4
2132,1
2151,1
2152,1
2202,1
2239,1
2241,1
2248,1
2260,1
2303,4
2305,1
2306,1
2307,1
2308,6
2386,3
2391,1
2453,1
2608,1
2657,1
2665,28
2673,1
2675,28
2680,2
2682,1
2683,1
2863,1
2890,2
2906,1
2910,1
2911,1
2956,1
2996,1
2998,1
3005,1
3032,1
3035,2
3036,1
3045,1
3062,1
3068,2
3185,1
3188,1
3216,1
3225,1
3231,1
3368,1
3475,1
3805,1
3810,1
3816,1
3817,1
3818,5
3819,2
3820,1
3822,1
3826,1
3834,3
3843,2
3946,1
4140,1
4286,1
4385,1
4386,2
4556,3
4574,1
5202,3
5204,2
5205,9
5206,1
5207,3
5208,1
5209,1
5210,1
5213,1
5219,1
5235,1
5320,3
5430,1
5505,3
5507,1
5509,2
5527,1
5633,3
5651,1
5864,1
5867,1
5906,1
5954,1
6545,3
6549,1
6553,1
6555,1
6557,1
6575,1
6577,1
6591,1
6631,1
6795,1
7500,1
7595,1
7598,1
8430,2
8465,1
8508,3
8526,1
9078,1
9157,1
10971,1
13734,1
14028,1
14092,1
14732,1
14738,1
16682,1
16686,1
16696,2
21177,1
30744,1
34943,13
42828,1
43878,1
43908,1
44022,1
44032,1
44034,1
44037,1
44041,1
44067,1
44101,1
44290,1
48205,1
84208,1
