xvalue,counts
1,6141
2,18458
3,12979
4,22256
5,22398
6,26420
7,30870
8,27713
9,12603
10,11126
11,12354
12,8267
13,3949
14,3683
15,3132
16,4621
17,2512
18,2484
19,3658
20,3325
21,1573
22,1241
23,1210
24,1138
25,3560
26,1037
27,997
28,737
29,836
30,712
31,1317
32,840
33,1028
34,934
35,1327
36,1564
37,2107
38,1693
39,668
40,632
41,865
42,630
43,1965
44,535
45,506
46,563
47,468
48,469
49,671
50,540
51,1104
52,337
53,326
54,304
55,358
56,287
57,339
58,652
59,298
60,240
61,379
62,240
63,212
64,214
65,160
66,155
67,129
68,145
69,83
70,90
71,108
72,105
73,140
74,84
75,81
76,74
77,74
78,97
79,66
80,87
81,55
82,85
83,97
84,62
85,74
86,68
87,90
88,51
89,50
90,30
91,32
92,46
93,52
94,36
95,37
96,52
97,54
98,51
99,54
100,79
101,70
102,33
103,25
104,35
105,23
106,38
107,31
108,33
109,33
110,20
111,26
112,29
113,29
114,21
115,28
116,17
117,19
118,21
119,20
120,19
121,19
122,19
123,22
124,22
125,23
126,22
127,16
128,22
129,25
130,20
131,14
132,14
133,14
134,17
135,10
136,14
137,4
138,11
139,12
140,17
141,10
142,10
143,9
144,9
145,8
146,11
147,9
148,17
149,11
150,14
151,13
152,17
153,5
154,7
155,5
156,14
157,14
158,14
159,8
160,9
161,8
162,8
163,4
164,6
165,9
166,3
167,6
168,4
169,8
170,3
171,3
172,2
173,11
174,7
175,4
176,5
177,8
178,5
179,3
180,3
181,1
182,4
183,9
184,4
185,3
186,3
187,6
188,2
189,5
190,7
191,2
192,1
193,4
194,6
195,3
196,2
197,8
198,16
199,10
200,8
201,10
202,3
203,15
204,3
205,12
206,4
207,11
208,8
209,4
211,2
212,5
213,10
214,12
215,15
216,20
217,13
218,8
219,4
220,7
221,6
222,11
223,6
224,8
225,8
226,14
227,5
228,9
229,5
230,4
231,4
232,1
233,3
235,4
236,3
237,6
238,3
239,7
240,4
241,5
242,5
243,3
244,1
245,2
246,1
247,2
248,11
249,6
250,2
251,3
252,3
253,5
255,1
256,7
257,3
258,2
259,4
260,2
261,7
262,4
263,4
264,3
265,4
266,3
267,5
268,4
269,3
270,3
271,2
273,4
274,4
275,1
276,3
277,3
278,5
279,1
281,1
282,6
283,1
284,1
285,2
286,1
287,1
288,3
289,3
290,5
291,1
292,1
293,1
294,1
295,2
296,2
297,1
300,3
302,2
306,1
307,2
308,1
309,1
310,1
314,4
316,1
317,1
321,2
322,1
323,2
324,1
327,1
328,2
329,1
331,1
333,1
334,3
335,2
336,3
337,4
338,3
339,2
342,1
343,1
344,3
345,3
346,3
347,3
348,2
349,6
350,1
351,1
353,2
354,5
356,7
357,2
358,1
359,1
360,5
361,2
362,5
363,1
364,2
365,3
366,2
367,3
368,1
369,2
370,2
371,2
372,2
373,2
374,1
375,1
376,1
377,1
378,2
380,1
381,2
382,3
383,2
384,1
387,1
390,1
391,4
392,9
393,5
394,6
395,1
396,2
397,1
398,2
399,2
401,1
403,2
404,2
405,3
406,3
407,4
408,3
409,1
410,3
411,2
412,1
413,2
415,2
416,2
417,1
418,1
419,3
420,3
421,1
423,1
425,1
426,1
427,3
430,1
431,1
432,1
433,1
434,1
436,1
438,2
439,3
440,1
442,1
444,3
445,1
446,1
447,1
448,1
449,1
450,2
452,1
453,1
457,2
461,1
462,5
464,3
465,3
466,7
467,4
468,6
469,3
470,2
471,2
472,4
473,3
474,1
475,2
476,2
477,1
480,1
483,1
485,1
486,1
487,2
489,1
490,1
491,1
492,1
493,1
494,1
495,1
497,1
501,1
503,1
504,1
505,1
506,2
508,2
510,1
515,1
519,1
522,1
524,1
525,1
526,1
527,2
528,2
529,1
535,1
536,1
537,2
540,1
541,1
542,1
544,1
561,1
562,1
570,1
571,1
573,2
582,4
583,3
584,1
585,1
586,1
588,1
589,1
590,4
596,3
601,1
608,2
614,1
616,1
622,2
625,1
626,1
628,1
632,1
633,1
634,1
636,1
640,2
645,1
653,1
658,3
659,1
662,1
668,1
670,2
671,3
672,2
675,1
679,2
680,3
683,1
688,1
691,1
692,4
693,1
700,1
702,1
704,1
707,1
710,1
711,1
714,2
715,1
716,1
717,2
719,2
721,2
722,1
727,3
730,3
731,1
734,1
736,1
738,2
739,2
740,1
741,1
744,2
747,4
748,1
749,1
751,1
752,1
754,2
755,1
759,2
763,1
770,1
772,1
773,2
777,2
779,2
780,1
782,1
783,1
785,1
787,2
788,1
795,1
798,1
803,1
809,1
812,2
820,1
822,1
824,1
826,1
832,1
837,1
848,1
852,2
854,1
855,1
858,1
861,1
863,1
876,1
877,1
880,2
881,2
891,1
895,2
896,1
899,2
903,1
907,1
913,1
920,1
923,1
954,1
955,1
961,1
977,1
984,1
995,1
1000,1
1015,1
1020,1
1022,1
1031,1
1038,1
1039,1
1040,2
1053,1
1054,1
1055,1
1075,1
1077,1
1080,1
1081,1
1083,1
1097,1
1100,1
1103,1
1117,1
1133,3
1158,2
1169,1
1170,1
1171,1
1184,1
1191,1
1195,1
1198,3
1201,3
1202,3
1204,1
1215,1
1220,3
1223,1
1224,1
1230,1
1235,2
1240,1
1247,1
1248,1
1249,1
1256,1
1258,2
1259,1
1260,1
1299,1
1327,1
1338,1
1385,1
1390,1
1412,1
1416,1
1473,1
1587,1
1589,1
1594,1
1616,1
1621,1
1628,1
1705,1
1764,1
1770,1
1771,1
1779,1
1787,1
1789,1
1794,1
1797,1
1803,1
1856,1
1859,1
1864,1
1894,1
1897,2
1901,1
1904,1
1911,1
2104,3
2108,3
2109,4
2110,1
2111,1
2119,1
2129,1
2131,1
2170,1
2171,1
2246,1
2247,1
2315,1
2402,1
2407,1
2408,1
2409,1
2416,1
2472,2
2473,1
2530,1
2624,2
2647,1
2663,1
2671,1
2681,1
2683,1
2685,1
2689,1
2738,1
2955,1
2956,1
2960,1
2982,1
2990,1
2994,1
3002,1
3036,1
3101,1
3102,1
3182,1
3253,1
3593,1
3614,1
4910,3
4919,1
4920,1
6714,1
6860,1
8363,2
8367,1
8368,6
8369,2
8399,1
10245,1
10343,1
13874,1
13943,1
15341,1
18932,1
18956,1
18983,1
18985,1
18986,1
18994,1
19015,1
19441,1
19492,1
21943,1
38626,1
